 : 0.192653591938
E: 0.100065012461
T: 0.0766605266009
O: 0.0647957525192
A: 0.0603803228952
H: 0.0598385523892
I: 0.0529580669628
S: 0.0498428865533
N: 0.0492740275219
R: 0.0443710044425
L: 0.0365965976812
D: 0.0342669845054
U: 0.022971069455
W: 0.0204789251273
G: 0.0203705710261
F: 0.0197746234695
C: 0.0186369054069
M: 0.0177971611225
Y: 0.0147903348142
B: 0.0127586954166
P: 0.0120814822841
K: 0.0078014952866
V: 0.00761187560949
Q: 0.00108354101203
X: 0.000975186910825
J: 0.000893921334923
Z: 0.000270885253007
